2^15-1= 32767
8.19e-14 
IDL> print, x
      0.00000      1.00000      2.00000      3.00000      4.00000      5.00000
      6.00000      7.00000
IDL> print, y
      5.00000      6.00000      7.00000      8.00000      9.00000      10.0000
      11.0000      12.0000
IDL> print, fltarr(8)
      0.00000      0.00000      0.00000      0.00000      0.00000      0.00000
      0.00000      0.00000
IDL> print, fltarr(8) +7
      7.00000      7.00000      7.00000      7.00000      7.00000      7.00000
      7.00000      7.00000



